2
3
19
10
222
20
107
1954
44
283
906
19
706
217
078
2
256
2
1959
1690
10
18
1
1962
1
13
12
1960
50
20
1960
1
8
1
100
1066
47
24
2
1097
1098
1098
2
1100
1101
20
34
36
15
000
000
2
415
000
000
2
1
2
17
1953
12
15
1
21
14
25
16
46
9
50
48
51
7
3
9
7
8
16
4
1
4
25
8
11
3
2
8
4
13
6
6
1
2
21
3
22
5
18
9
6
9
11
2
1
2
500
200
8
5
7
7
4
1951
3
17
18
19
20
16
1
8
5
13
4
5
6
7
8
1926
11
12
13
14
15
1
2
82
81
28
29
1958
5
24
5
08
73
1959
4
64
4
53
79
30
1959
1955
78
1957
1958
1959
1952
1956
1957
1957
1958
77
10
1958
69
3
800
1914
1913
1913
5
1913
1922
20
1951
750
4
25
30
15
16
4
1
20
72
400
14
10
1
10
1712
1
112
23
9
1
11
1
2
11
2
1
10
10
2
1
3
2
2
3
3
2
1660
1604
1604
1
1649
1
1662
33
1
60
15
55
60
1959
15
19
88
1892
1909
66
1
10
1
1918
5
1960
207
840
7
14
1881
1956
22
30
7
30
1961
800
000
1939
1961
30
16
21
25
1970
16
5
4
1935
1712
12
000
21
17
10
1960
6
3
4
32
1
2
3
1
2
3
21
22
20
25
1
23
8
4
4
2
17
00
6
0
0
4
1
4
4
1
2
14
1
2
4
5
3
1
1
1944
1950
1950
1920
02
059
1
6
1
2
19
3
1
1
2
99
37
11
62
1
2
53
1961
11
121
4
1937
82
150
73
8
5
70
1959
200
000
3
1
15
52
10
1930
20
7
3
000
357
357
20
1958
13
1958
13
1950
28
5
23
1
2
1
3
9
10
9
12
13
14
4
7
4
2
580
15
20
12
1
2
1
1960
9
16
1
27
7
9
2
36
45
46
4
3
062
1959
3
476
1960
4
034
4
115
5
6
1
2
40
3
497
1960
44
20
5
000
10
30
9
35
6
3
1939
45
5
6
3
4
10
360
21
34
73
1926
750
110
300
30
300
14
2
2
3
1
22
30
1
2
3
4
25
26
2
3
19
2
1
2
210
60
2
3
210
210
210
210
212
210
210
2
11
1
14
1
210
210
104
106
95
210
0
1
1
53
4
4
10
12
1
2
1947
514
518
1947
338
339
173
1
50
5
15
3
1963
1959
1963
11
1
2
9
7
8
1951
1961
1951
69
000
1961
14
50
000
1936
5
30
13
19
